1	161725	招商中证白酒指数分级	股票指数	14	4	3	1	5.5
2	160222	国泰国证食品饮料行业指数分级	股票指数	15	5	9	4	8.25
3	110022	易方达消费行业	股票型	16	14	4	2	9.0
4	162605	景顺长城鼎益混合(LOF)	混合型	10	10	10	11	10.25
5	260108	景顺长城新兴成长混合	混合型	9	11	8	14	10.5
6	000248	汇添富中证主要消费ETF联接	联接基金	26	6	12	8	13.0
7	001740	光大中国制造2025混合	混合型	28	8	11	19	16.5
8	160632	鹏华酒分级	股票指数	44	7	17	7	18.75
9	000083	汇添富消费行业混合	混合型	29	31	14	24	24.5
10	206007	鹏华消费优选混合	混合型	17	33	15	36	25.25
11	000854	鹏华养老产业	股票型	18	24	24	51	29.25
12	001542	国泰互联网+股票	股票型	88	19	5	5	29.25
13	519664	银河美丽混合A	混合型	20	27	18	59	31.0
14	481012	工银深证红利联接	联接基金	23	51	26	30	32.5
15	310388	申万菱信消费增长混合	混合型	40	16	23	52	32.75
16	070032	嘉实优化红利混合	混合型	48	29	13	47	34.25
17	550016	信诚至远C	分级杠杆	1	3	60	77	35.25
18	000462	农银主题轮动混合	混合型	38	15	28	60	35.25
19	519665	银河美丽混合C	混合型	24	32	22	65	35.75
20	180012	银华富裕主题混合	混合型	100	23	19	6	37.0
21	000431	鹏华品牌传承混合	混合型	27	18	30	75	37.5
22	001076	易方达改革红利混合	混合型	32	9	40	72	38.25
23	001606	农银工业4.0混合	混合型	43	30	29	53	38.75
24	000742	国泰新经济灵活配置混合	混合型	100	41	16	9	41.5
25	020005	国泰金马稳健	混合型	39	49	51	28	41.75
26	260110	景顺长城精选蓝筹混合	混合型	31	65	37	40	43.25
27	001631	天弘中证食品饮料指数A	股票指数	75	25	62	22	46.0
28	260116	景顺长城核心竞争力混合A	混合型	33	89	35	34	47.75
29	001632	天弘中证食品饮料指数C	股票指数	77	28	65	23	48.25
30	004008	中融鑫思路混合A	混合型	100	1	6	87	48.5
31	000619	东方红产业升级混合	混合型	100	52	27	15	48.5
32	001112	东方红中国优势混合	混合型	100	57	21	17	48.75
33	519056	海富通内需热点混合	混合型	19	17	76	85	49.25
34	004009	中融鑫思路混合C	混合型	100	2	7	88	49.25
35	360007	光大保德信优势配置混合	混合型	49	26	71	57	50.75
36	001387	中融新经济混合A	混合型	100	100	1	3	51.0
37	260103	景顺长城动力平衡	混合型	22	98	58	29	51.75
38	001287	安信优势增长混合A	混合型	50	13	74	71	52.0
39	110011	易方达中小盘混合	混合型	62	87	47	12	52.0
40	040008	华安策略优选混合	混合型	63	95	20	31	52.25
41	110003	易方达上证50指数A	股票指数	42	67	75	32	54.0
42	519690	交银稳健配置混合A	混合型	100	45	25	48	54.5
43	002851	南方品质混合	混合型	37	64	31	89	55.25
44	530015	建信深证60联接	联接基金	47	86	43	46	55.5
45	160216	国泰商品	QDII	7	35	100	100	60.5
46	160628	鹏华地产分级	股票指数	2	48	100	100	62.5
47	165312	建信央视50	股票指数	100	100	33	20	63.25
48	519066	汇添富蓝筹稳健	混合型	84	100	32	38	63.5
49	169101	东方红睿丰混合	混合型	100	100	38	16	63.5
50	161129	易方达原油A类人民币	QDII	21	39	100	100	65.0
51	540012	汇丰晋信恒生龙头指数A	股票指数	69	100	67	25	65.25
52	004528	长盛盛通纯债A	none	3	60	100	100	65.75
53	003321	易方达原油C类人民币	QDII	25	40	100	100	66.25
54	519772	交银新生活力灵活配置混合	混合型	100	12	66	95	68.25
55	217027	招商央视财经50指数A	股票指数	100	100	52	21	68.25
56	519606	国泰金鑫	股票型	100	100	55	18	68.25
57	519068	汇添富成长焦点混合	混合型	100	100	34	41	68.75
58	270041	广发消费品精选混合	混合型	71	100	79	26	69.0
59	540009	汇丰晋信消费红利	股票型	100	100	49	27	69.0
60	001208	诺安低碳经济股票	股票型	100	47	88	45	70.0
61	001281	长安鑫利优选混合A	混合型	100	83	42	55	70.0
62	001044	嘉实新消费股票	股票型	100	100	46	35	70.25
63	002666	前海开源沪港深创新成长混合A	混合型	100	56	36	90	70.5
64	398061	中海消费混合	混合型	100	36	78	69	70.75
65	020026	国泰成长优选混合	混合型	100	100	70	13	70.75
66	002072	长安鑫利优选混合C	混合型	100	85	44	56	71.25
67	001170	泰达宏利复兴混合	混合型	100	66	50	70	71.5
68	160127	南方新兴消费分级	股票型	100	100	77	10	71.75
69	002853	华富元鑫灵活配置混合A	混合型	100	100	2	86	72.0
70	000167	广发聚优灵活配置混合A	混合型	51	100	56	83	72.5
71	002667	前海开源沪港深创新成长混合C	混合型	100	61	39	91	72.75
72	001712	东方红优势精选混合	混合型	100	100	53	39	73.0
73	002624	广发优企精选混合	混合型	59	34	100	100	73.25
74	000634	富国天盛灵活配置混合	混合型	72	21	100	100	73.25
75	001892	长盛新兴成长混合	混合型	13	84	100	100	74.25
76	660010	农银策略精选混合	混合型	100	54	99	44	74.25
77	002124	广发新兴产业混合	混合型	30	69	100	100	74.75
78	160218	国泰国证房地产行业指数分级	股票指数	4	96	100	100	75.0
79	000029	富国宏观策略	混合型	80	22	100	100	75.5
80	002697	中欧消费主题股票C	股票型	60	43	100	100	75.75
81	001404	招商移动互联网产业股票基金	股票型	46	58	100	100	76.0
82	000746	招商行业精选股票	股票型	97	46	85	76	76.0
83	001583	安信新常态股票	股票型	100	100	41	63	76.0
84	003119	博时鑫源混合A	混合型	5	100	100	100	76.25
85	003120	博时鑫源混合C	混合型	6	100	100	100	76.5
86	570001	诺德价值优势混合	混合型	100	100	57	49	76.5
87	001605	国富沪港深成长精选股票	股票型	87	20	100	100	76.75
88	161721	招商沪深300地产指数分级	股票指数	8	100	100	100	77.0
89	001047	光大国企改革股票	股票型	53	55	100	100	77.0
90	020023	国泰事件驱动策略混合	混合型	93	100	84	33	77.5
91	241001	华宝海外中国成长混合	QDII	100	100	68	42	77.5
92	164906	交银中证海外中国互联网指数	QDII-指数	100	100	73	37	77.5
93	519225	海富通集利债券	债券型	11	100	100	100	77.75
94	002085	长盛互联网+混合	混合型	12	99	100	100	77.75
95	000751	嘉实新兴产业股票	股票型	100	100	59	54	78.25
96	001179	德邦大健康灵活配置混合	混合型	100	100	63	50	78.25
97	376510	上投大盘蓝筹	股票型	100	100	54	64	79.5
98	002621	中欧消费主题股票A	股票型	70	50	100	100	80.0
99	110015	易方达行业领先混合	混合型	100	100	61	62	80.75
100	001725	汇添富高端制造股票	股票型	82	42	100	100	81.0
101	000423	前海开源事件驱动混合A	混合型	66	100	89	78	83.25
102	004642	南方房地产ETF联接A	none	34	100	100	100	83.5
103	001865	前海开源事件驱动混合C	混合型	64	100	90	80	83.5
104	000011	华夏大盘精选	混合型	90	100	83	61	83.5
105	160605	鹏华中国50	混合型	35	100	100	100	83.75
106	163805	中银策略混合	混合型	61	74	100	100	83.75
107	004643	南方房地产ETF联接C	none	36	100	100	100	84.0
108	004374	华泰保兴吉年丰混合发起A	混合型	100	37	100	100	84.25
109	001878	嘉实沪港深精选股票	股票型	100	100	45	92	84.25
110	001371	富国沪港深价值混合	混合型	100	100	94	43	84.25
111	004375	华泰保兴吉年丰混合发起C	混合型	100	38	100	100	84.5
112	501018	南方原油	QDII	41	100	100	100	85.25
113	002121	广发沪港深新起点股票	股票型	100	100	48	93	85.25
114	001236	博时丝路主题股票A	股票型	100	44	100	100	86.0
115	001518	万家瑞兴	混合型	45	100	100	100	86.25
116	070018	嘉实回报	混合型	100	92	97	58	86.75
117	000532	景顺长城优势企业混合	混合型	81	100	86	81	87.0
118	000529	广发竞争优势混合	混合型	100	93	82	74	87.25
119	003704	光大保德信事件驱动混合	混合型	54	97	100	100	87.75
120	040005	华安宏利混合	混合型	52	100	100	100	88.0
121	163412	兴全轻资产混合(LOF)	混合型	79	73	100	100	88.0
122	180013	银华领先策略混合	混合型	100	53	100	100	88.25
123	000173	汇添富美丽30混合	混合型	100	81	93	79	88.25
124	000020	景顺长城品质投资混合	混合型	100	100	81	73	88.5
125	001040	新华策略精选股票	股票型	55	100	100	100	88.75
126	519185	万家精选混合	混合型	56	100	100	100	89.0
127	519087	新华优选分红混合	混合型	57	100	100	100	89.25
128	001157	国联安睿祺灵活配置混合	混合型	58	100	100	100	89.5
129	163406	兴全合润分级混合	混合型	86	72	100	100	89.5
130	003243	上投摩根中国世纪人民币	QDII	100	100	64	94	89.5
131	100022	富国天瑞强势	混合型	100	59	100	100	89.75
132	001163	银华中国梦30股票	股票型	100	94	98	67	89.75
133	001581	华安沪港深通精选灵活配置混合	混合型	100	62	100	100	90.5
134	118001	易方达亚洲精选	QDII	100	100	96	66	90.5
135	398021	中海能源策略	混合型	100	63	100	100	90.75
136	001681	新华积极价值灵活配置混合	混合型	65	100	100	100	91.25
137	003940	银华盛世精选灵活配置混合发起式	混合型	100	100	69	96	91.25
138	217001	招商安泰混合	混合型	67	100	100	100	91.75
139	110010	易方达价值成长混合A	混合型	68	100	100	100	92.0
140	001458	广发中证全指主要消费联接A	联接基金	100	68	100	100	92.0
141	200008	长城品牌优选混合	混合型	100	100	100	68	92.0
142	002214	中海沪港深价值优选混合	混合型	100	100	72	97	92.25
143	002189	农银汇理国企改革混合	混合型	100	70	100	100	92.5
144	002976	广发中证全指主要消费联接C	联接基金	100	71	100	100	92.75
145	163810	中银价值精选	混合型	73	100	100	100	93.25
146	519979	长信内需成长混合	混合型	100	100	91	82	93.25
147	162719	广发道琼斯石油指数A	QDII-指数	74	100	100	100	93.5
148	000127	农银行业领先混合	混合型	100	75	100	100	93.75
149	004243	广发道琼斯石油指数C	QDII-指数	76	100	100	100	94.0
150	004183	富国产业升级混合	none	100	76	100	100	94.0
151	519642	银河智造混合	混合型	100	77	100	100	94.25
152	519191	万家新利灵活配置混合	混合型	78	100	100	100	94.5
153	161706	招商优质成长混合(LOF)	混合型	100	78	100	100	94.5
154	002534	华安稳固收益债券A	债券型	100	100	80	98	94.5
155	217012	招商行业领先混合A	混合型	100	79	100	100	94.75
156	370024	上投摩根核心优选混合	混合型	100	100	95	84	94.75
157	001663	中银互联网+股票	股票型	100	80	100	100	95.0
158	001657	长安鑫富领先混合	混合型	100	82	100	100	95.5
159	000835	华润元大富时中国A50指数	股票指数	83	100	100	100	95.75
160	163411	兴全精选混合	保本型	85	100	100	100	96.25
161	001927	华夏消费升级灵活配置混合A	混合型	100	100	87	99	96.5
162	004477	嘉实沪港深回报混合	混合型	100	88	100	100	97.0
163	519915	富国消费主题混合	混合型	89	100	100	100	97.25
164	004263	华安沪港深机会灵活配置混合	none	100	90	100	100	97.5
165	001626	国泰央企改革股票	股票型	91	100	100	100	97.75
166	160624	鹏华消费领先混合	混合型	100	91	100	100	97.75
167	005063	广发中证全指家用电器指数A	none	92	100	100	100	98.0
168	001928	华夏消费升级灵活配置混合C	混合型	100	100	92	100	98.0
169	005064	广发中证全指家用电器指数C	none	94	100	100	100	98.5
170	000496	长安产业精选混合A	混合型	95	100	100	100	98.75
171	519706	交银深证300联接	联接基金	96	100	100	100	99.0
172	481001	工银核心价值混合A	混合型	98	100	100	100	99.5
173	004357	南方智慧混合	混合型	99	100	100	100	99.75
174	000017	财通可持续混合	混合型	100	100	100	100	100.0
